{
 "cells": [
  {
   "cell_type": "markdown",
   "metadata": {},
   "source": [
    "# Implementing MLP Classifier and K-Means Clustering"
   ]
  },
  {
   "cell_type": "markdown",
   "metadata": {},
   "source": [
    "# 1. MLP Classifier"
   ]
  },
  {
   "cell_type": "markdown",
   "metadata": {},
   "source": [
    "**Impoting necessary libraries and datasets**"
   ]
  },
  {
   "cell_type": "code",
   "execution_count": 1,
   "metadata": {},
   "outputs": [],
   "source": [
    "import numpy as np\n",
    "from sklearn import datasets, metrics\n",
    "from sklearn.neural_network import MLPClassifier\n",
    "from sklearn.model_selection import train_test_split"
   ]
  },
  {
   "cell_type": "markdown",
   "metadata": {},
   "source": [
    "**Dividing the data into training set and testing set**"
   ]
  },
  {
   "cell_type": "code",
   "execution_count": 2,
   "metadata": {},
   "outputs": [
    {
     "name": "stdout",
     "output_type": "stream",
     "text": [
      "(75, 4)\n",
      "(75, 4)\n"
     ]
    }
   ],
   "source": [
    "X,y = datasets.load_iris(return_X_y=True)\n",
    "\n",
    "X_train = X[range(0,150,2),:]\n",
    "y_train = y[range(0,150,2)]\n",
    "\n",
    "X_test = X[range(1,150,2),:]\n",
    "y_test = y[range(0,150,2)]\n",
    "\n",
    "print(X_train.shape)\n",
    "print(X_test.shape)"
   ]
  },
  {
   "cell_type": "markdown",
   "metadata": {},
   "source": [
    "**Applying variations to MLPClassifier to compare the Accuracy** "
   ]
  },
  {
   "cell_type": "markdown",
   "metadata": {},
   "source": [
    "**Variation 1**"
   ]
  },
  {
   "cell_type": "code",
   "execution_count": 3,
   "metadata": {},
   "outputs": [
    {
     "data": {
      "text/plain": [
       "array([0, 0, 0, 0, 0, 0, 0, 0, 0, 0, 0, 0, 0, 0, 0, 0, 0, 0, 0, 0, 0, 0,\n",
       "       0, 0, 0, 1, 1, 1, 1, 1, 1, 1, 1, 1, 1, 1, 1, 1, 1, 1, 1, 2, 1, 1,\n",
       "       1, 1, 1, 1, 1, 1, 2, 2, 2, 2, 2, 2, 2, 2, 2, 2, 2, 2, 2, 2, 2, 2,\n",
       "       1, 2, 2, 2, 2, 2, 2, 2, 2])"
      ]
     },
     "execution_count": 3,
     "metadata": {},
     "output_type": "execute_result"
    }
   ],
   "source": [
    "classifier = MLPClassifier(solver='sgd', hidden_layer_sizes=(65), max_iter= 1200, activation='relu', learning_rate = 'constant')\n",
    "classifier.fit(X_train,y_train);\n",
    "\n",
    "\n",
    "prediction = classifier.predict(X_test)\n",
    "prediction"
   ]
  },
  {
   "cell_type": "markdown",
   "metadata": {},
   "source": [
    "**Testing our Model**"
   ]
  },
  {
   "cell_type": "code",
   "execution_count": 4,
   "metadata": {},
   "outputs": [
    {
     "name": "stdout",
     "output_type": "stream",
     "text": [
      "\n",
      "-------------------------Accuracy Score----------------------------\n",
      "\t\t\t      0.9733333333333334\n",
      "\n",
      "---------------------Classification Report-------------------------\n",
      "               precision    recall  f1-score   support\n",
      "\n",
      "           0       1.00      1.00      1.00        25\n",
      "           1       0.96      0.96      0.96        25\n",
      "           2       0.96      0.96      0.96        25\n",
      "\n",
      "    accuracy                           0.97        75\n",
      "   macro avg       0.97      0.97      0.97        75\n",
      "weighted avg       0.97      0.97      0.97        75\n",
      "\n",
      "\n",
      "--------------------------Confusion Matrix-------------------------\n",
      " [[25  0  0]\n",
      " [ 0 24  1]\n",
      " [ 0  1 24]]\n",
      "\n",
      "------------------Probabilities for each class---------------------\n",
      " [[9.69674088e-01 3.03217217e-02 4.19041927e-06]\n",
      " [9.63243239e-01 3.67486513e-02 8.10929888e-06]\n",
      " [9.87536137e-01 1.24631635e-02 6.99211630e-07]\n",
      " [9.81580130e-01 1.84183045e-02 1.56569984e-06]\n",
      " [9.70105661e-01 2.98908480e-02 3.49059664e-06]\n",
      " [9.74414874e-01 2.55816773e-02 3.44876889e-06]\n",
      " [9.80908763e-01 1.90881159e-02 3.12121807e-06]\n",
      " [9.96921895e-01 3.07805967e-03 4.50685496e-08]\n",
      " [9.87419516e-01 1.25796394e-02 8.44958009e-07]\n",
      " [9.90380526e-01 9.61894627e-03 5.28187126e-07]\n",
      " [9.87703646e-01 1.22954070e-02 9.46937746e-07]\n",
      " [9.56090097e-01 4.38996043e-02 1.02982999e-05]\n",
      " [9.52870237e-01 4.71215967e-02 8.16605530e-06]\n",
      " [9.85807527e-01 1.41916731e-02 8.00011591e-07]\n",
      " [9.62232429e-01 3.77599467e-02 7.62431035e-06]\n",
      " [9.81565017e-01 1.84335924e-02 1.39055654e-06]\n",
      " [9.96555380e-01 3.44457046e-03 4.96822046e-08]\n",
      " [9.86800180e-01 1.31989479e-02 8.72404151e-07]\n",
      " [9.89500953e-01 1.04984833e-02 5.64119639e-07]\n",
      " [9.82336233e-01 1.76624603e-02 1.30634326e-06]\n",
      " [8.99799682e-01 1.00137437e-01 6.28812293e-05]\n",
      " [9.72407267e-01 2.75868161e-02 5.91737911e-06]\n",
      " [9.65663177e-01 3.43300366e-02 6.78660955e-06]\n",
      " [9.75783215e-01 2.42128860e-02 3.89876495e-06]\n",
      " [9.82818794e-01 1.71798172e-02 1.38866458e-06]\n",
      " [1.26408978e-02 9.15061581e-01 7.22975215e-02]\n",
      " [8.00245011e-03 7.69267721e-01 2.22729829e-01]\n",
      " [6.80099856e-03 7.46338679e-01 2.46860322e-01]\n",
      " [4.31613027e-02 9.04393405e-01 5.24452925e-02]\n",
      " [1.51930741e-02 7.79561076e-01 2.05245850e-01]\n",
      " [1.52036362e-02 8.73886451e-01 1.10909913e-01]\n",
      " [5.50972104e-03 7.67634497e-01 2.26855782e-01]\n",
      " [1.53328821e-02 9.53369369e-01 3.12977493e-02]\n",
      " [1.53874327e-02 9.39167226e-01 4.54453410e-02]\n",
      " [1.53439422e-02 9.15491983e-01 6.91640750e-02]\n",
      " [2.02346677e-02 9.38881995e-01 4.08833375e-02]\n",
      " [5.66415176e-03 8.27490203e-01 1.66845645e-01]\n",
      " [1.23171288e-02 9.46070092e-01 4.16127793e-02]\n",
      " [3.14750996e-03 7.07031148e-01 2.89821342e-01]\n",
      " [5.32409637e-02 9.27652037e-01 1.91069994e-02]\n",
      " [2.12306831e-02 9.30591677e-01 4.81776397e-02]\n",
      " [8.13733192e-04 2.81321986e-01 7.17864281e-01]\n",
      " [1.51856210e-02 8.48573547e-01 1.36240832e-01]\n",
      " [4.76219055e-03 8.36099290e-01 1.59138520e-01]\n",
      " [1.09264570e-02 8.19376539e-01 1.69697004e-01]\n",
      " [7.84910539e-03 8.33205065e-01 1.58945830e-01]\n",
      " [3.73542761e-02 9.11315184e-01 5.13305403e-02]\n",
      " [1.78833102e-02 9.08328873e-01 7.37878163e-02]\n",
      " [1.26063023e-02 9.28555754e-01 5.88379439e-02]\n",
      " [1.47146103e-02 8.85515655e-01 9.97697351e-02]\n",
      " [2.74841793e-04 1.05073356e-01 8.94651802e-01]\n",
      " [2.03021751e-04 1.26478890e-01 8.73318088e-01]\n",
      " [1.91848807e-05 5.62790955e-02 9.43701720e-01]\n",
      " [6.89986882e-05 1.27654706e-01 8.72276296e-01]\n",
      " [1.16757918e-04 8.91414529e-02 9.10741789e-01]\n",
      " [3.28485158e-04 1.76256956e-01 8.23414559e-01]\n",
      " [1.48488721e-04 6.47259294e-02 9.35125582e-01]\n",
      " [4.20396523e-04 1.41353920e-01 8.58225683e-01]\n",
      " [1.03056023e-04 1.37650647e-01 8.62246297e-01]\n",
      " [4.50275811e-04 2.27575516e-01 7.71974208e-01]\n",
      " [4.27919237e-04 1.10122655e-01 8.89449426e-01]\n",
      " [1.43198516e-03 4.06526389e-01 5.92041625e-01]\n",
      " [3.74713603e-04 3.10026165e-01 6.89599121e-01]\n",
      " [2.26133186e-03 4.35957384e-01 5.61781285e-01]\n",
      " [6.68451523e-04 4.88608713e-01 5.10722836e-01]\n",
      " [5.91027656e-04 4.76191563e-01 5.23217409e-01]\n",
      " [1.72516455e-03 5.18093733e-01 4.80181102e-01]\n",
      " [8.95944312e-05 1.38369619e-01 8.61540786e-01]\n",
      " [5.74861723e-04 2.42754906e-01 7.56670232e-01]\n",
      " [7.61110324e-04 3.22555709e-01 6.76683180e-01]\n",
      " [1.29943644e-03 3.81707245e-01 6.16993319e-01]\n",
      " [7.75136539e-05 6.51065209e-02 9.34815965e-01]\n",
      " [5.64112823e-04 2.14357920e-01 7.85077967e-01]\n",
      " [8.93982130e-04 2.98417544e-01 7.00688474e-01]\n",
      " [9.23801426e-04 2.35884458e-01 7.63191740e-01]]\n"
     ]
    }
   ],
   "source": [
    "#calculating various metrics\n",
    "print(\"\\n-------------------------Accuracy Score----------------------------\\n\\t\\t\\t     \",metrics.accuracy_score(y_test, prediction, normalize= True))\n",
    "print(\"\\n---------------------Classification Report-------------------------\\n\",metrics.classification_report(y_test, prediction))\n",
    "print(\"\\n--------------------------Confusion Matrix-------------------------\\n\",metrics.confusion_matrix(y_test,prediction))\n",
    "print(\"\\n------------------Probabilities for each class---------------------\\n\",classifier.predict_proba(X_test))"
   ]
  },
  {
   "cell_type": "markdown",
   "metadata": {},
   "source": [
    "**Variation 2**"
   ]
  },
  {
   "cell_type": "code",
   "execution_count": 5,
   "metadata": {},
   "outputs": [
    {
     "data": {
      "text/plain": [
       "array([0, 0, 0, 0, 0, 0, 0, 0, 0, 0, 0, 0, 0, 0, 0, 0, 0, 0, 0, 0, 0, 0,\n",
       "       0, 0, 0, 1, 1, 1, 1, 1, 1, 1, 1, 1, 1, 1, 1, 1, 2, 1, 1, 2, 1, 1,\n",
       "       1, 1, 1, 1, 1, 1, 2, 2, 2, 2, 2, 2, 2, 2, 2, 2, 2, 2, 2, 2, 2, 2,\n",
       "       2, 2, 2, 2, 2, 2, 2, 2, 2])"
      ]
     },
     "execution_count": 5,
     "metadata": {},
     "output_type": "execute_result"
    }
   ],
   "source": [
    "classifier = MLPClassifier(solver='sgd', hidden_layer_sizes=(200), max_iter= 2500, activation='logistic', learning_rate = 'adaptive')\n",
    "classifier.fit(X_train,y_train);\n",
    "\n",
    "prediction = classifier.predict(X_test)\n",
    "prediction"
   ]
  },
  {
   "cell_type": "markdown",
   "metadata": {},
   "source": [
    "**Testing our Model**"
   ]
  },
  {
   "cell_type": "code",
   "execution_count": 6,
   "metadata": {},
   "outputs": [
    {
     "name": "stdout",
     "output_type": "stream",
     "text": [
      "\n",
      "-------------------------Accuracy Score----------------------------\n",
      "\t\t\t      0.9733333333333334\n",
      "\n",
      "---------------------Classification Report-------------------------\n",
      "               precision    recall  f1-score   support\n",
      "\n",
      "           0       1.00      1.00      1.00        25\n",
      "           1       1.00      0.92      0.96        25\n",
      "           2       0.93      1.00      0.96        25\n",
      "\n",
      "    accuracy                           0.97        75\n",
      "   macro avg       0.98      0.97      0.97        75\n",
      "weighted avg       0.98      0.97      0.97        75\n",
      "\n",
      "\n",
      "--------------------------Confusion Matrix-------------------------\n",
      " [[25  0  0]\n",
      " [ 0 23  2]\n",
      " [ 0  0 25]]\n",
      "\n",
      "------------------Probabilities for each class---------------------\n",
      " [[9.27812435e-01 7.17622369e-02 4.25328136e-04]\n",
      " [9.20373506e-01 7.90977737e-02 5.28720643e-04]\n",
      " [9.29996128e-01 6.95232272e-02 4.80644537e-04]\n",
      " [9.35954989e-01 6.36783498e-02 3.66660890e-04]\n",
      " [9.27597950e-01 7.19714526e-02 4.30597010e-04]\n",
      " [9.25204552e-01 7.43010439e-02 4.94404520e-04]\n",
      " [9.54723802e-01 4.50944760e-02 1.81722005e-04]\n",
      " [9.62401822e-01 3.74330358e-02 1.65142043e-04]\n",
      " [9.44193408e-01 5.55145970e-02 2.91994672e-04]\n",
      " [9.46863401e-01 5.28537288e-02 2.82870329e-04]\n",
      " [9.38916721e-01 6.07193841e-02 3.63895230e-04]\n",
      " [8.88129759e-01 1.10810084e-01 1.06015711e-03]\n",
      " [9.05064723e-01 9.42276163e-02 7.07660624e-04]\n",
      " [9.40708696e-01 5.89703723e-02 3.20931538e-04]\n",
      " [9.14546515e-01 8.48407112e-02 6.12774031e-04]\n",
      " [9.27550580e-01 7.19849072e-02 4.64512439e-04]\n",
      " [9.67779891e-01 3.21024348e-02 1.17673888e-04]\n",
      " [9.52612900e-01 4.71854916e-02 2.01608070e-04]\n",
      " [9.54435843e-01 4.53628634e-02 2.01293609e-04]\n",
      " [9.36380559e-01 6.32590379e-02 3.60402806e-04]\n",
      " [8.92060645e-01 1.07125471e-01 8.13884407e-04]\n",
      " [9.06729878e-01 9.24742060e-02 7.95916499e-04]\n",
      " [9.21667974e-01 7.78275822e-02 5.04443582e-04]\n",
      " [9.35173287e-01 6.44592912e-02 3.67422063e-04]\n",
      " [9.40797411e-01 5.88919896e-02 3.10599820e-04]\n",
      " [3.95241922e-02 6.30257604e-01 3.30218204e-01]\n",
      " [5.20843386e-02 6.85111561e-01 2.62804101e-01]\n",
      " [3.33659307e-02 6.20884753e-01 3.45749316e-01]\n",
      " [1.83611752e-01 7.14971042e-01 1.01417206e-01]\n",
      " [7.07340125e-02 6.96628797e-01 2.32637191e-01]\n",
      " [5.30931096e-02 6.65441413e-01 2.81465477e-01]\n",
      " [2.43709378e-02 5.77420122e-01 3.98208940e-01]\n",
      " [4.90958986e-02 6.61914350e-01 2.88989752e-01]\n",
      " [7.72329976e-02 7.13172401e-01 2.09594601e-01]\n",
      " [8.27663525e-02 7.19493265e-01 1.97740382e-01]\n",
      " [7.68762693e-02 7.07142453e-01 2.15981277e-01]\n",
      " [2.74381915e-02 6.00573293e-01 3.71988515e-01]\n",
      " [4.53541334e-02 6.55634876e-01 2.99010991e-01]\n",
      " [1.24974537e-02 4.79555442e-01 5.07947104e-01]\n",
      " [1.68835877e-01 7.20655028e-01 1.10509095e-01]\n",
      " [1.11727003e-01 7.32879108e-01 1.55393889e-01]\n",
      " [8.59560796e-03 4.33765834e-01 5.57638558e-01]\n",
      " [3.96877483e-02 6.19579988e-01 3.40732264e-01]\n",
      " [2.97765476e-02 6.26683618e-01 3.43539835e-01]\n",
      " [5.94862861e-02 6.91719317e-01 2.48794397e-01]\n",
      " [3.09167385e-02 6.05750877e-01 3.63332385e-01]\n",
      " [1.74696225e-01 7.20666510e-01 1.04637266e-01]\n",
      " [6.75563784e-02 6.91502846e-01 2.40940775e-01]\n",
      " [5.20700391e-02 6.72260973e-01 2.75668988e-01]\n",
      " [6.33799621e-02 6.90048855e-01 2.46571183e-01]\n",
      " [6.20584611e-03 3.83845382e-01 6.09948772e-01]\n",
      " [3.42586605e-03 3.10913877e-01 6.85660257e-01]\n",
      " [5.36465454e-04 1.48681599e-01 8.50781935e-01]\n",
      " [1.10857520e-03 2.04382479e-01 7.94508946e-01]\n",
      " [1.23287260e-03 1.95062896e-01 8.03704231e-01]\n",
      " [4.65877514e-03 3.51239311e-01 6.44101914e-01]\n",
      " [5.75620318e-03 3.77308931e-01 6.16934866e-01]\n",
      " [4.41162574e-03 3.26152037e-01 6.69436337e-01]\n",
      " [7.03705799e-04 1.56057426e-01 8.43238868e-01]\n",
      " [7.97617065e-03 4.40120097e-01 5.51903733e-01]\n",
      " [8.40977385e-03 4.17996506e-01 5.73593720e-01]\n",
      " [1.03800686e-02 4.58079661e-01 5.31540270e-01]\n",
      " [2.30428565e-03 2.66057415e-01 7.31638299e-01]\n",
      " [1.25525491e-02 4.73962331e-01 5.13485120e-01]\n",
      " [3.53253281e-03 3.19742283e-01 6.76725184e-01]\n",
      " [1.52300413e-03 2.16780555e-01 7.81696441e-01]\n",
      " [1.05664616e-02 4.63198437e-01 5.26235101e-01]\n",
      " [1.06842758e-03 1.96494791e-01 8.02436781e-01]\n",
      " [4.78657851e-03 3.45965602e-01 6.49247819e-01]\n",
      " [4.48218419e-03 3.36290971e-01 6.59226845e-01]\n",
      " [6.28318141e-03 3.74770912e-01 6.18945906e-01]\n",
      " [1.56273542e-03 2.21806424e-01 7.76630841e-01]\n",
      " [4.75686312e-03 3.41693722e-01 6.53549414e-01]\n",
      " [6.30782800e-03 3.80419233e-01 6.13272939e-01]\n",
      " [8.60311318e-03 4.20836815e-01 5.70560072e-01]]\n"
     ]
    }
   ],
   "source": [
    "#calculating various metrics\n",
    "print(\"\\n-------------------------Accuracy Score----------------------------\\n\\t\\t\\t     \",metrics.accuracy_score(y_test, prediction, normalize= True))\n",
    "print(\"\\n---------------------Classification Report-------------------------\\n\",metrics.classification_report(y_test, prediction))\n",
    "print(\"\\n--------------------------Confusion Matrix-------------------------\\n\",metrics.confusion_matrix(y_test,prediction))\n",
    "print(\"\\n------------------Probabilities for each class---------------------\\n\",classifier.predict_proba(X_test))"
   ]
  },
  {
   "cell_type": "code",
   "execution_count": 7,
   "metadata": {},
   "outputs": [
    {
     "data": {
      "text/plain": [
       "array([0, 0, 2, 0, 0, 0, 0, 2, 0, 0, 2, 2, 0, 0, 0, 0, 0, 0, 0, 0, 0, 2,\n",
       "       0, 0, 0, 2, 2, 2, 2, 2, 2, 2, 2, 2, 2, 2, 2, 2, 2, 2, 2, 2, 2, 2,\n",
       "       2, 2, 2, 2, 2, 2, 2, 2, 2, 2, 1, 2, 2, 1, 2, 2, 2, 2, 2, 2, 2, 2,\n",
       "       2, 2, 2, 2, 1, 1, 1, 2, 2])"
      ]
     },
     "execution_count": 7,
     "metadata": {},
     "output_type": "execute_result"
    }
   ],
   "source": [
    "#variation 3\n",
    "classifier = MLPClassifier(solver='sgd', hidden_layer_sizes=(65), max_iter= 700, activation='identity', learning_rate = 'invscaling')\n",
    "classifier.fit(X_train,y_train);\n",
    "\n",
    "prediction = classifier.predict(X_test)\n",
    "prediction"
   ]
  },
  {
   "cell_type": "code",
   "execution_count": 8,
   "metadata": {},
   "outputs": [
    {
     "name": "stdout",
     "output_type": "stream",
     "text": [
      "\n",
      "-------------------------Accuracy Score----------------------------\n",
      "\t\t\t      0.5333333333333333\n",
      "\n",
      "---------------------Classification Report-------------------------\n",
      "               precision    recall  f1-score   support\n",
      "\n",
      "           0       1.00      0.80      0.89        25\n",
      "           1       0.00      0.00      0.00        25\n",
      "           2       0.40      0.80      0.53        25\n",
      "\n",
      "    accuracy                           0.53        75\n",
      "   macro avg       0.47      0.53      0.47        75\n",
      "weighted avg       0.47      0.53      0.47        75\n",
      "\n",
      "\n",
      "--------------------------Confusion Matrix-------------------------\n",
      " [[20  0  5]\n",
      " [ 0  0 25]\n",
      " [ 0  5 20]]\n",
      "\n",
      "------------------Probabilities for each class---------------------\n",
      " [[0.4338368  0.22719542 0.33896778]\n",
      " [0.4190594  0.23455611 0.34638449]\n",
      " [0.36537565 0.26069525 0.3739291 ]\n",
      " [0.41773045 0.23347677 0.34879278]\n",
      " [0.4500337  0.21704843 0.33291788]\n",
      " [0.41100793 0.23695257 0.3520395 ]\n",
      " [0.4364783  0.22622575 0.33729596]\n",
      " [0.35267923 0.26558427 0.3817365 ]\n",
      " [0.39564342 0.24613325 0.35822334]\n",
      " [0.38147186 0.2521021  0.36642604]\n",
      " [0.36573685 0.26248251 0.37178064]\n",
      " [0.36311369 0.26650948 0.37037683]\n",
      " [0.43648408 0.22513864 0.33837728]\n",
      " [0.41943225 0.23191684 0.34865092]\n",
      " [0.417245   0.23466328 0.34809172]\n",
      " [0.38882075 0.25082927 0.36034999]\n",
      " [0.39640252 0.24085348 0.362744  ]\n",
      " [0.42813504 0.22977298 0.34209198]\n",
      " [0.42638262 0.22735657 0.34626081]\n",
      " [0.42095261 0.23167382 0.34737357]\n",
      " [0.43333646 0.23232296 0.33434058]\n",
      " [0.33180403 0.28523879 0.38295717]\n",
      " [0.40949936 0.24131171 0.34918893]\n",
      " [0.41462292 0.23675484 0.34862225]\n",
      " [0.42277425 0.23156315 0.3456626 ]\n",
      " [0.21825225 0.35958545 0.42216231]\n",
      " [0.26125027 0.33595625 0.40279348]\n",
      " [0.24676686 0.34043822 0.41279493]\n",
      " [0.29562946 0.31252844 0.39184211]\n",
      " [0.22358216 0.36156682 0.41485102]\n",
      " [0.2140365  0.36578072 0.42018278]\n",
      " [0.23651379 0.34688356 0.41660266]\n",
      " [0.24471702 0.34045632 0.41482666]\n",
      " [0.30668111 0.30000962 0.39330927]\n",
      " [0.29141826 0.31285814 0.3957236 ]\n",
      " [0.25796655 0.33436375 0.4076697 ]\n",
      " [0.27350085 0.32022781 0.40627134]\n",
      " [0.24584734 0.34043642 0.41371624]\n",
      " [0.20128336 0.37364213 0.42507451]\n",
      " [0.30948679 0.30111119 0.38940203]\n",
      " [0.31161912 0.30044685 0.38793403]\n",
      " [0.20967638 0.36850244 0.42182119]\n",
      " [0.18891989 0.38189626 0.42918386]\n",
      " [0.28156457 0.32018291 0.39825252]\n",
      " [0.25378276 0.33974189 0.40647535]\n",
      " [0.23320783 0.3489352  0.41785696]\n",
      " [0.3025273  0.30865415 0.38881855]\n",
      " [0.25658723 0.33245356 0.41095921]\n",
      " [0.25614614 0.33368651 0.41016735]\n",
      " [0.24761148 0.34142696 0.41096156]\n",
      " [0.16528008 0.4075337  0.42718623]\n",
      " [0.18128205 0.3890203  0.42969765]\n",
      " [0.16410608 0.40043231 0.43546162]\n",
      " [0.20091653 0.36981801 0.42926545]\n",
      " [0.10427548 0.45993562 0.43578889]\n",
      " [0.17648511 0.39677163 0.42674326]\n",
      " [0.15686536 0.41802758 0.42510706]\n",
      " [0.11980522 0.4489041  0.43129068]\n",
      " [0.13462584 0.42099547 0.44437869]\n",
      " [0.24232825 0.34756664 0.41010512]\n",
      " [0.14767035 0.42443419 0.42789547]\n",
      " [0.18832308 0.38785306 0.42382386]\n",
      " [0.19010648 0.37730822 0.43258531]\n",
      " [0.17557061 0.39610888 0.4283205 ]\n",
      " [0.22584299 0.35061973 0.42353728]\n",
      " [0.16067654 0.39666983 0.44265363]\n",
      " [0.22829876 0.35274866 0.41895258]\n",
      " [0.14348982 0.42299729 0.43351289]\n",
      " [0.17767427 0.3907897  0.43153604]\n",
      " [0.15065768 0.41723372 0.4321086 ]\n",
      " [0.12960181 0.44048107 0.42991712]\n",
      " [0.12499064 0.44063283 0.43437653]\n",
      " [0.12862373 0.44194726 0.42942902]\n",
      " [0.15800584 0.41160958 0.43038459]\n",
      " [0.17138069 0.39888201 0.4297373 ]]\n"
     ]
    }
   ],
   "source": [
    "#calculating various metrics\n",
    "print(\"\\n-------------------------Accuracy Score----------------------------\\n\\t\\t\\t     \",metrics.accuracy_score(y_test, prediction, normalize= True))\n",
    "print(\"\\n---------------------Classification Report-------------------------\\n\",metrics.classification_report(y_test, prediction))\n",
    "print(\"\\n--------------------------Confusion Matrix-------------------------\\n\",metrics.confusion_matrix(y_test,prediction))\n",
    "print(\"\\n------------------Probabilities for each class---------------------\\n\",classifier.predict_proba(X_test))"
   ]
  },
  {
   "cell_type": "code",
   "execution_count": 9,
   "metadata": {},
   "outputs": [
    {
     "data": {
      "text/plain": [
       "array([0, 0, 0, 0, 0, 0, 0, 0, 0, 0, 0, 0, 0, 0, 0, 0, 0, 0, 0, 0, 0, 0,\n",
       "       0, 0, 0, 1, 1, 1, 1, 1, 1, 1, 1, 1, 1, 1, 1, 1, 1, 1, 1, 2, 1, 1,\n",
       "       1, 1, 1, 1, 1, 1, 2, 2, 2, 2, 2, 2, 2, 2, 2, 2, 2, 2, 2, 2, 1, 2,\n",
       "       1, 2, 2, 2, 2, 2, 2, 2, 2])"
      ]
     },
     "execution_count": 9,
     "metadata": {},
     "output_type": "execute_result"
    }
   ],
   "source": [
    "#variation 4\n",
    "classifier = MLPClassifier(solver='sgd', hidden_layer_sizes=(65), max_iter= 2200, activation='identity', learning_rate = 'adaptive')\n",
    "classifier.fit(X_train,y_train);\n",
    "\n",
    "prediction = classifier.predict(X_test)\n",
    "prediction"
   ]
  },
  {
   "cell_type": "code",
   "execution_count": 10,
   "metadata": {},
   "outputs": [
    {
     "name": "stdout",
     "output_type": "stream",
     "text": [
      "\n",
      "-------------------------Accuracy Score----------------------------\n",
      "\t\t\t      0.96\n",
      "\n",
      "---------------------Classification Report-------------------------\n",
      "               precision    recall  f1-score   support\n",
      "\n",
      "           0       1.00      1.00      1.00        25\n",
      "           1       0.92      0.96      0.94        25\n",
      "           2       0.96      0.92      0.94        25\n",
      "\n",
      "    accuracy                           0.96        75\n",
      "   macro avg       0.96      0.96      0.96        75\n",
      "weighted avg       0.96      0.96      0.96        75\n",
      "\n",
      "\n",
      "--------------------------Confusion Matrix-------------------------\n",
      " [[25  0  0]\n",
      " [ 0 24  1]\n",
      " [ 0  2 23]]\n",
      "\n",
      "------------------Probabilities for each class---------------------\n",
      " [[9.67334218e-01 3.26654457e-02 3.36237165e-07]\n",
      " [9.60245394e-01 3.97538745e-02 7.31237009e-07]\n",
      " [9.86608553e-01 1.33913972e-02 4.98053296e-08]\n",
      " [9.78406995e-01 2.15928859e-02 1.18861596e-07]\n",
      " [9.61597242e-01 3.84024575e-02 3.00216951e-07]\n",
      " [9.69691305e-01 3.03083960e-02 2.98726581e-07]\n",
      " [9.82835839e-01 1.71639901e-02 1.71340220e-07]\n",
      " [9.97068084e-01 2.93191386e-03 1.69598332e-09]\n",
      " [9.87307386e-01 1.26925595e-02 5.47770630e-08]\n",
      " [9.89838658e-01 1.01613091e-02 3.31127280e-08]\n",
      " [9.88510602e-01 1.14893355e-02 6.26379659e-08]\n",
      " [9.61940866e-01 3.80581913e-02 9.43065948e-07]\n",
      " [9.44401766e-01 5.55974558e-02 7.78329118e-07]\n",
      " [9.82739884e-01 1.72600596e-02 5.66851586e-08]\n",
      " [9.56598295e-01 4.34009867e-02 7.18410690e-07]\n",
      " [9.82397970e-01 1.76019339e-02 9.65336092e-08]\n",
      " [9.96403301e-01 3.59669736e-03 1.65001321e-09]\n",
      " [9.87191148e-01 1.28088029e-02 4.86262075e-08]\n",
      " [9.87555138e-01 1.24448295e-02 3.21623228e-08]\n",
      " [9.78991551e-01 2.10083517e-02 9.74184186e-08]\n",
      " [9.17579574e-01 8.24141453e-02 6.28070499e-06]\n",
      " [9.79894279e-01 2.01052585e-02 4.62749060e-07]\n",
      " [9.67962884e-01 3.20365656e-02 5.50607399e-07]\n",
      " [9.74635209e-01 2.53644825e-02 3.08708052e-07]\n",
      " [9.80794721e-01 1.92051801e-02 9.89630333e-08]\n",
      " [1.27902619e-02 9.15302940e-01 7.19067982e-02]\n",
      " [7.05242475e-03 7.83435284e-01 2.09512291e-01]\n",
      " [4.12468552e-03 7.87868392e-01 2.08006923e-01]\n",
      " [5.47548472e-02 9.06898424e-01 3.83467293e-02]\n",
      " [1.82309050e-02 7.87040950e-01 1.94728145e-01]\n",
      " [1.79897132e-02 8.70795821e-01 1.11214466e-01]\n",
      " [3.23721729e-03 7.94972935e-01 2.01789847e-01]\n",
      " [1.55850714e-02 9.54579090e-01 2.98358385e-02]\n",
      " [1.20197370e-02 9.53215745e-01 3.47645180e-02]\n",
      " [1.47243354e-02 9.26581255e-01 5.86944098e-02]\n",
      " [2.36628292e-02 9.38656285e-01 3.76808855e-02]\n",
      " [2.69358120e-03 8.65261890e-01 1.32044529e-01]\n",
      " [1.26360011e-02 9.45631878e-01 4.17321207e-02]\n",
      " [1.91554188e-03 6.95360312e-01 3.02724146e-01]\n",
      " [5.55016744e-02 9.33080403e-01 1.14179222e-02]\n",
      " [2.09333833e-02 9.41966070e-01 3.71005471e-02]\n",
      " [3.00334257e-04 3.12570881e-01 6.87128785e-01]\n",
      " [1.57633257e-02 8.52079960e-01 1.32156714e-01]\n",
      " [2.96925365e-03 8.47257680e-01 1.49773067e-01]\n",
      " [1.05727895e-02 8.32131205e-01 1.57296005e-01]\n",
      " [5.51575561e-03 8.51475562e-01 1.43008683e-01]\n",
      " [4.77466227e-02 9.13549007e-01 3.87043702e-02]\n",
      " [1.56308968e-02 9.24572322e-01 5.97967812e-02]\n",
      " [1.19776475e-02 9.33573289e-01 5.44490633e-02]\n",
      " [1.50514447e-02 8.94360543e-01 9.05880126e-02]\n",
      " [1.09086427e-04 1.03935017e-01 8.95955897e-01]\n",
      " [5.32475268e-05 1.41107802e-01 8.58838951e-01]\n",
      " [2.26090211e-06 5.61693045e-02 9.43828435e-01]\n",
      " [9.43910511e-06 1.45839793e-01 8.54150768e-01]\n",
      " [3.53688862e-05 6.69948919e-02 9.32969739e-01]\n",
      " [1.15939090e-04 1.67385034e-01 8.32499027e-01]\n",
      " [5.96639939e-05 5.87298714e-02 9.41210465e-01]\n",
      " [2.16513815e-04 1.08944337e-01 8.90839150e-01]\n",
      " [1.76001972e-05 1.36705549e-01 8.63276851e-01]\n",
      " [1.31860991e-04 2.54528776e-01 7.45339363e-01]\n",
      " [2.24039352e-04 1.01012095e-01 8.98763866e-01]\n",
      " [7.89796928e-04 3.82784887e-01 6.16425316e-01]\n",
      " [8.40484744e-05 3.31751729e-01 6.68164222e-01]\n",
      " [1.39089070e-03 4.25201599e-01 5.73407510e-01]\n",
      " [1.54456553e-04 5.28437631e-01 4.71407912e-01]\n",
      " [1.41086579e-04 4.75179390e-01 5.24679524e-01]\n",
      " [6.62324935e-04 5.59695875e-01 4.39641800e-01]\n",
      " [2.07481455e-05 1.05755311e-01 8.94223941e-01]\n",
      " [1.90361055e-04 2.59541637e-01 7.40268002e-01]\n",
      " [3.57533779e-04 2.73882767e-01 7.25759699e-01]\n",
      " [9.69549948e-04 2.80973739e-01 7.18056711e-01]\n",
      " [2.10455093e-05 5.45580263e-02 9.45420928e-01]\n",
      " [3.18221641e-04 1.55165364e-01 8.44516414e-01]\n",
      " [4.46612950e-04 2.66110053e-01 7.33443334e-01]\n",
      " [4.23843324e-04 2.45712721e-01 7.53863436e-01]]\n"
     ]
    }
   ],
   "source": [
    "#calculating various metrics\n",
    "print(\"\\n-------------------------Accuracy Score----------------------------\\n\\t\\t\\t     \",metrics.accuracy_score(y_test, prediction, normalize= True))\n",
    "print(\"\\n---------------------Classification Report-------------------------\\n\",metrics.classification_report(y_test, prediction))\n",
    "print(\"\\n--------------------------Confusion Matrix-------------------------\\n\",metrics.confusion_matrix(y_test,prediction))\n",
    "print(\"\\n------------------Probabilities for each class---------------------\\n\",classifier.predict_proba(X_test))"
   ]
  },
  {
   "cell_type": "code",
   "execution_count": 11,
   "metadata": {},
   "outputs": [
    {
     "name": "stdout",
     "output_type": "stream",
     "text": [
      "(100, 4)\n",
      "(50, 4)\n"
     ]
    },
    {
     "data": {
      "text/plain": [
       "array([0, 1, 1, 0, 2, 1, 2, 0, 0, 2, 1, 0, 2, 1, 1, 0, 1, 1, 0, 0, 1, 2,\n",
       "       1, 0, 2, 1, 0, 0, 1, 2, 1, 2, 1, 2, 2, 0, 1, 0, 1, 2, 2, 0, 2, 2,\n",
       "       1, 2, 0, 0, 0, 1])"
      ]
     },
     "execution_count": 11,
     "metadata": {},
     "output_type": "execute_result"
    }
   ],
   "source": [
    "#splitting into train an test dataset\n",
    "X_train, X_test, y_train, y_test = train_test_split(X, y, test_size=0.33, random_state=1)\n",
    "print(X_train.shape)\n",
    "print(X_test.shape)\n",
    "\n",
    "#variation 5\n",
    "classifier = MLPClassifier(solver='sgd', hidden_layer_sizes=(65), max_iter= 2200, activation='tanh', learning_rate = 'adaptive')\n",
    "classifier.fit(X_train,y_train)\n",
    "\n",
    "prediction = classifier.predict(X_test)\n",
    "prediction"
   ]
  },
  {
   "cell_type": "code",
   "execution_count": 12,
   "metadata": {},
   "outputs": [
    {
     "name": "stdout",
     "output_type": "stream",
     "text": [
      "\n",
      "-------------------------Accuracy Score----------------------------\n",
      "\t\t\t      0.98\n",
      "\n",
      "---------------------Classification Report-------------------------\n",
      "               precision    recall  f1-score   support\n",
      "\n",
      "           0       1.00      1.00      1.00        17\n",
      "           1       1.00      0.95      0.97        19\n",
      "           2       0.93      1.00      0.97        14\n",
      "\n",
      "    accuracy                           0.98        50\n",
      "   macro avg       0.98      0.98      0.98        50\n",
      "weighted avg       0.98      0.98      0.98        50\n",
      "\n",
      "\n",
      "--------------------------Confusion Matrix-------------------------\n",
      " [[17  0  0]\n",
      " [ 0 18  1]\n",
      " [ 0  0 14]]\n",
      "\n",
      "------------------Probabilities for each class---------------------\n",
      " [[9.93761038e-01 6.23791379e-03 1.04857872e-06]\n",
      " [1.39901758e-01 8.39208322e-01 2.08899201e-02]\n",
      " [2.28831438e-02 8.98819264e-01 7.82975926e-02]\n",
      " [9.90599528e-01 9.39784837e-03 2.62396437e-06]\n",
      " [8.49772187e-04 2.09294014e-01 7.89856214e-01]\n",
      " [1.26449497e-02 6.89544832e-01 2.97810219e-01]\n",
      " [2.65128665e-03 2.94659392e-01 7.02689322e-01]\n",
      " [9.65615646e-01 3.43624103e-02 2.19438801e-05]\n",
      " [9.65083820e-01 3.48955168e-02 2.06627451e-05]\n",
      " [4.23198579e-04 9.23221302e-02 9.07254671e-01]\n",
      " [1.39316536e-02 7.49150328e-01 2.36918018e-01]\n",
      " [9.80800116e-01 1.91924350e-02 7.44938066e-06]\n",
      " [3.47846874e-04 1.06310020e-01 8.93342133e-01]\n",
      " [2.04247414e-02 8.31485415e-01 1.48089844e-01]\n",
      " [1.01654572e-02 6.74979587e-01 3.14854955e-01]\n",
      " [9.79361542e-01 2.06266721e-02 1.17860118e-05]\n",
      " [2.33596155e-02 8.80304940e-01 9.63354445e-02]\n",
      " [7.83057079e-03 5.23821028e-01 4.68348401e-01]\n",
      " [9.78653910e-01 2.13386592e-02 7.43039677e-06]\n",
      " [9.85784670e-01 1.42109030e-02 4.42683458e-06]\n",
      " [7.36120288e-03 6.39127047e-01 3.53511751e-01]\n",
      " [6.17809182e-03 4.37512723e-01 5.56309185e-01]\n",
      " [5.21206967e-03 5.74107257e-01 4.20680673e-01]\n",
      " [9.86202742e-01 1.37923327e-02 4.92508834e-06]\n",
      " [6.37395099e-04 1.89813502e-01 8.09549103e-01]\n",
      " [2.16630841e-02 8.24800086e-01 1.53536830e-01]\n",
      " [9.92086954e-01 7.91125560e-03 1.79021338e-06]\n",
      " [9.85108086e-01 1.48862859e-02 5.62793232e-06]\n",
      " [7.63987870e-03 7.31602516e-01 2.60757605e-01]\n",
      " [1.22732473e-03 2.35668011e-01 7.63104664e-01]\n",
      " [1.07426815e-02 7.19520865e-01 2.69736453e-01]\n",
      " [3.65627599e-04 1.17282338e-01 8.82352034e-01]\n",
      " [2.42304497e-02 8.84051704e-01 9.17178462e-02]\n",
      " [2.23492914e-04 6.58424833e-02 9.33934024e-01]\n",
      " [2.52297295e-04 4.70130068e-02 9.52734696e-01]\n",
      " [9.85483566e-01 1.45121726e-02 4.26098382e-06]\n",
      " [1.24294266e-02 7.60676321e-01 2.26894252e-01]\n",
      " [9.83699401e-01 1.62956330e-02 4.96597748e-06]\n",
      " [1.05167064e-02 7.84572606e-01 2.04910688e-01]\n",
      " [2.43654471e-04 1.04661752e-01 8.95094594e-01]\n",
      " [7.46572632e-04 1.56447686e-01 8.42805741e-01]\n",
      " [9.83802092e-01 1.61920929e-02 5.81486081e-06]\n",
      " [1.03322041e-03 2.73501520e-01 7.25465260e-01]\n",
      " [3.63136684e-04 1.04657986e-01 8.94978877e-01]\n",
      " [1.40744008e-02 8.74225493e-01 1.11700106e-01]\n",
      " [3.14199675e-05 2.32824898e-02 9.76686090e-01]\n",
      " [9.81689377e-01 1.83055114e-02 5.11135296e-06]\n",
      " [9.85653541e-01 1.43414999e-02 4.95874949e-06]\n",
      " [9.70388785e-01 2.95960591e-02 1.51563672e-05]\n",
      " [2.00454585e-02 7.15363775e-01 2.64590767e-01]]\n"
     ]
    }
   ],
   "source": [
    "#calculating various metrics\n",
    "print(\"\\n-------------------------Accuracy Score----------------------------\\n\\t\\t\\t     \",metrics.accuracy_score(y_test, prediction, normalize= True))\n",
    "print(\"\\n---------------------Classification Report-------------------------\\n\",metrics.classification_report(y_test, prediction))\n",
    "print(\"\\n--------------------------Confusion Matrix-------------------------\\n\",metrics.confusion_matrix(y_test,prediction))\n",
    "print(\"\\n------------------Probabilities for each class---------------------\\n\",classifier.predict_proba(X_test))"
   ]
  },
  {
   "cell_type": "code",
   "execution_count": 13,
   "metadata": {},
   "outputs": [
    {
     "name": "stdout",
     "output_type": "stream",
     "text": [
      "(112, 4)\n",
      "(38, 4)\n"
     ]
    },
    {
     "data": {
      "text/plain": [
       "array([0, 1, 1, 2, 1, 1, 2, 0, 2, 0, 2, 1, 2, 0, 0, 2, 0, 1, 2, 1, 1, 2,\n",
       "       2, 0, 2, 1, 1, 0, 2, 2, 1, 1, 0, 0, 0, 2, 1, 0])"
      ]
     },
     "execution_count": 13,
     "metadata": {},
     "output_type": "execute_result"
    }
   ],
   "source": [
    "#splitting into train an test dataset\n",
    "X_train, X_test, y_train, y_test = train_test_split(X, y, test_size=0.25, random_state=20)\n",
    "print(X_train.shape)\n",
    "print(X_test.shape)\n",
    "\n",
    "#variation 6\n",
    "classifier = MLPClassifier(solver='sgd', hidden_layer_sizes=(50), max_iter= 2100, activation='relu', learning_rate = 'constant')\n",
    "classifier.fit(X_train,y_train)\n",
    "\n",
    "#printing the results\n",
    "prediction = classifier.predict(X_test)\n",
    "prediction"
   ]
  },
  {
   "cell_type": "code",
   "execution_count": 14,
   "metadata": {},
   "outputs": [
    {
     "name": "stdout",
     "output_type": "stream",
     "text": [
      "\n",
      "-------------------------Accuracy Score----------------------------\n",
      "\t\t\t      0.9736842105263158\n",
      "\n",
      "---------------------Classification Report-------------------------\n",
      "               precision    recall  f1-score   support\n",
      "\n",
      "           0       1.00      1.00      1.00        12\n",
      "           1       1.00      0.93      0.96        14\n",
      "           2       0.92      1.00      0.96        12\n",
      "\n",
      "    accuracy                           0.97        38\n",
      "   macro avg       0.97      0.98      0.97        38\n",
      "weighted avg       0.98      0.97      0.97        38\n",
      "\n",
      "\n",
      "--------------------------Confusion Matrix-------------------------\n",
      " [[12  0  0]\n",
      " [ 0 13  1]\n",
      " [ 0  0 12]]\n",
      "\n",
      "------------------Probabilities for each class---------------------\n",
      " [[9.78452575e-01 2.15446490e-02 2.77625549e-06]\n",
      " [5.68315031e-03 7.71591266e-01 2.22725583e-01]\n",
      " [1.65369647e-02 9.35968672e-01 4.74943629e-02]\n",
      " [3.94995792e-04 3.69497834e-01 6.30107171e-01]\n",
      " [2.04434674e-02 9.21726673e-01 5.78298597e-02]\n",
      " [1.13011201e-02 7.93501292e-01 1.95197588e-01]\n",
      " [3.09746076e-05 5.10049866e-02 9.48964039e-01]\n",
      " [9.88132700e-01 1.18666085e-02 6.91839082e-07]\n",
      " [1.94931441e-05 5.20077959e-02 9.47972711e-01]\n",
      " [9.74336085e-01 2.56612228e-02 2.69212184e-06]\n",
      " [5.39060909e-04 2.61244339e-01 7.38216600e-01]\n",
      " [4.93292845e-03 8.56859908e-01 1.38207164e-01]\n",
      " [1.93136275e-04 1.57324344e-01 8.42482520e-01]\n",
      " [9.84475603e-01 1.55234618e-02 9.35367900e-07]\n",
      " [9.86356518e-01 1.36428495e-02 6.32238979e-07]\n",
      " [2.88007726e-06 2.64194463e-02 9.73577674e-01]\n",
      " [9.78673523e-01 2.13232741e-02 3.20311349e-06]\n",
      " [9.47131331e-03 9.12765814e-01 7.77628731e-02]\n",
      " [3.57399004e-05 3.15741340e-02 9.68390126e-01]\n",
      " [5.02918520e-02 8.96449387e-01 5.32587614e-02]\n",
      " [1.29216040e-02 9.49537318e-01 3.75410777e-02]\n",
      " [5.19978821e-04 1.93613287e-01 8.05866735e-01]\n",
      " [1.56124047e-04 1.36211798e-01 8.63632078e-01]\n",
      " [9.78997603e-01 2.10012760e-02 1.12084627e-06]\n",
      " [1.09867751e-03 4.39522722e-01 5.59378600e-01]\n",
      " [2.58476555e-02 9.20276552e-01 5.38757925e-02]\n",
      " [1.16086094e-01 8.62571494e-01 2.13424119e-02]\n",
      " [9.72495885e-01 2.75010424e-02 3.07251797e-06]\n",
      " [1.91762227e-05 3.44690746e-02 9.65511749e-01]\n",
      " [1.16879636e-03 4.26026017e-01 5.72805187e-01]\n",
      " [2.16967813e-02 8.92169686e-01 8.61335322e-02]\n",
      " [2.33700219e-02 8.79037760e-01 9.75922183e-02]\n",
      " [9.87386777e-01 1.26126112e-02 6.11736502e-07]\n",
      " [9.89391750e-01 1.06077733e-02 4.76449288e-07]\n",
      " [9.78443005e-01 2.15547100e-02 2.28474056e-06]\n",
      " [3.38223788e-04 9.65488431e-02 9.03112933e-01]\n",
      " [1.61704612e-02 8.41951321e-01 1.41878217e-01]\n",
      " [9.73758082e-01 2.62391456e-02 2.77231023e-06]]\n"
     ]
    }
   ],
   "source": [
    "#calculating various metrics\n",
    "print(\"\\n-------------------------Accuracy Score----------------------------\\n\\t\\t\\t     \",metrics.accuracy_score(y_test, prediction, normalize= True))\n",
    "print(\"\\n---------------------Classification Report-------------------------\\n\",metrics.classification_report(y_test, prediction))\n",
    "print(\"\\n--------------------------Confusion Matrix-------------------------\\n\",metrics.confusion_matrix(y_test,prediction))\n",
